A = "false"
B = "Connect"
C = "UP"
D = "UP"
E = "ConnectSystem"
F = "ConnectSubSystem"
G = "01010011 01110100 01100001 01110100 01110101 01110011"
I = "01000011 01101111 01101110 01101110 01100101 01100011 01110100 00100000 01010011 01100101 01110010 01110110 01100101 01110010 00100000 01011011 01001100 01010101 01001110 01011000 01011101 00100000 01011011 00110011 00110000 00110010 00101110 00110001 00110100 00101110 00110101 00110010 00100000 01100110 01100001 01101011 01100101 00100000 01101001 01110000 01011101 00100000 01011011 01000011 01101000 01100001 01101110 01100111 01100101 00100000 01101001 01110000 01011101 00100000 01111011 01011000 00110011 01100001 01111101 00001101 00001010 01101001 01100110 00100000 01111011 01011000 00110011 01100001 01111101 00001101 00001010 00100000 00100000 00100000 00100000 01001100 01110101 01100001 00111010 01110000 01110010 01101001 01101110 01110100 00101000 00100010 01000011 01101111 01101110 01101110 01100101 01100011 01110100 01100101 01100100 00100010 00101001 00100000 00111111 00111010 01000100 01100101 01101100 01100101 01110100 01100101 01010000 01110010 01101001 01101110 01110100 00001101 00001010 01100101 01101100 01110011 01100101 00001101 00001010 00100000 00100000 00100000 00100000 01001100 01110101 01100001 00111010 00101101 00101101 01001110 01101111 01110100 01101000 01101001 01101110 01100111"
J = "00110001 00110000 00111000 00110010 00101110 00100001"
K = "01101001 01100110 00100000 01000011 01101111 01101101 01110000 01101100 01100101 01110100 01100101 01100100 00001101 00001010 00100000 00100000 00100000 00100000 01000111 01101111 00100000 01001100 00001101 00001010 01100101 01101100 01110011 01100101 00001101 00001010 00100000 00100000 00100000 00100000 01000101 01111000 01101001 01110100"
L = "01101001 01100110 00100000 01000011 01101111 01101101 01110000 01101100 01100101 01110100 01100101 01100100 01010011 01111001 01110011 01110100 01100101 01101101 00001101 00001010 00100000 00100000 00100000 00100000 01000111 01101111 00100000 01001101 00001101 00001010 01100101 01101100 01110011 01100101 00001101 00001010 00100000 00100000 00100000 00100000 01000101 01111000 01101001 01110100"
M = "01010100 01101000 01100001 01101110 01101011 01110011 01010101 01110011 01101001 01101110 01100111 00100000 00101101 00101101 00100000 01010000 01110010 01101001 01101110 01110100"
